1000
1.376727
4.852402
5.033507
4.398987
4.734
0.4233828
1.108716
-0.4835984
-0.878554
3.678003
1.318959
3.037718
6.409628
0.3395887
0.2748944
4.825727
1.746868
-1.071902
6.733829
-0.3867901
3.797096
6.648066
4.347839
1.615019
-0.8743158
4.876803
5.389089
3.92682
3.963095
4.27737
4.749451
0.677757
5.287595
0.1831412
4.821816
-0.00858349
0.8418102
0.2309926
4.038524
0.3840066
0.1836715
-0.7024015
4.912218
5.6286
4.883083
-0.1794906
5.128029
2.288464
5.298247
5.072039
4.056437
0.5251746
3.546721
-0.8725817
-0.06674744
-0.8963004
-0.3096812
-0.1575834
4.138222
-0.1697732
-1.566477
0.5417739
3.642372
3.215311
-0.5909214
3.600414
0.6999384
5.548961
-0.271209
0.2693784
5.788386
-2.129744
-1.485717
3.931851
5.591763
5.652836
-1.09037
4.180079
5.35988
4.699685
0.05689776
4.281931
-0.2456614
3.347215
-1.191319
5.128293
0.04750708
0.3619294
-0.3786924
4.574463
7.148553
0.6661073
0.8715949
6.031095
5.194593
1.311383
4.455963
-0.3278392
5.136695
-0.553173
4.242508
3.899971
-0.6593051
4.212483
5.066884
4.621485
5.651937
-0.9110802
-1.453369
5.585795
6.239048
-0.8477339
-2.429415
6.424071
5.733194
-1.204498
4.710853
4.324007
0.633
4.241944
0.6750241
6.510433
0.757268
1.08893
5.383584
2.053175
4.774627
-0.2822913
0.4682354
0.6366763
-1.878271
0.6312389
1.515533
1.414689
4.206042
-0.835093
-1.86459
5.217734
-0.8827283
0.724017
0.990708
7.447165
-1.096639
4.346494
6.420323
0.8859166
0.6377932
5.634836
0.03219333
4.262576
-0.2294872
2.163273
5.877478
6.020747
3.947679
3.511678
4.387515
5.291108
0.6825424
0.5060266
0.1045303
4.791605
3.288596
-1.344963
0.2796765
4.685848
5.85758
1.464176
1.192183
5.432439
4.622094
-1.846367
5.174901
0.4305896
0.2076922
6.37245
6.341544
1.272794
-0.8269272
1.320423
0.8322482
-0.8243865
5.325913
0.168783
4.463195
-0.7370951
5.222257
4.706588
3.894696
0.2646466
-1.989736
0.5386483
-0.2500325
-0.9313954
-0.2192651
-0.4176343
0.58958
5.605235
2.312595
4.458174
-0.6482058
5.849266
1.259352
0.6399703
2.93196
5.731014
-1.350572
0.05278997
-0.1171856
4.513723
0.06918597
1.341867
6.771499
-1.041384
6.008454
0.005547851
-1.63032
4.473003
0.07056918
6.639201
5.734374
0.04763477
-0.433434
-0.4313255
4.212545
1.458158
1.348277
5.312005
7.383282
5.644761
5.432636
8.256369
-0.01718001
0.2332748
6.551725
0.527999
5.468811
3.823504
5.208547
-1.875556
5.114515
-2.218583
6.776648
-0.63792
1.634541
5.842897
-0.6245336
5.372652
5.4968
0.618008
-0.7694911
4.936783
-0.8279961
4.74737
0.6024138
2.041471
4.718129
1.615696
0.8043883
1.496838
4.222545
7.035382
0.3041023
1.080174
4.49913
-0.2904583
6.410928
5.238591
-0.3937763
0.5053958
5.32819
0.1113796
0.4553932
4.09512
5.283801
6.477664
4.262978
6.048058
4.14339
4.945922
-0.2408243
-1.731045
4.010228
5.61018
-1.44722
6.229735
4.705314
4.633696
0.0420987
3.988688
4.090491
-2.201189
5.495153
-0.5290374
6.004652
0.4063321
3.314527
4.033369
2.239951
4.462981
2.775034
6.859564
-0.1253795
-0.795466
-2.266451
-2.080324
0.04455597
1.913294
1.964923
-2.071077
0.6416082
-0.5003887
5.714961
4.231542
4.984404
-0.9460533
4.51781
4.054552
2.494872
-1.311336
-0.5725838
-0.3141859
0.5963429
0.1456899
0.381024
4.076024
4.42598
0.8844204
5.980262
4.822529
0.5182181
1.393136
5.896195
4.866454
4.759327
5.493091
-0.7216056
6.143907
-0.6928604
5.330118
-0.4953628
4.12019
1.762424
5.146176
6.058987
3.289933
5.414951
-0.320015
-1.086654
4.325524
5.788375
-0.409351
0.2911656
4.978989
0.0284942
4.293325
3.881773
-1.106373
6.882857
5.057924
0.007574634
-0.7768773
-0.5801862
6.559396
2.272634
4.597778
-0.1258506
-0.1862985
1.011499
0.2611892
5.84803
0.03399517
5.102906
4.803433
5.429319
4.860618
-0.4225831
0.5192116
-0.3340468
0.5237059
5.212846
3.530064
1.697341
6.437127
5.000126
-0.4605634
3.972133
4.780738
-0.08020331
-1.333297
3.749784
0.1503439
4.611902
5.328489
-0.6718362
4.224931
0.6170117
0.01907896
5.710158
3.817573
3.47958
0.6932392
4.059285
6.061759
-1.09657
2.399868
-0.8670896
1.65441
-0.8053061
6.882509
1.110814
5.072325
-1.227797
4.670049
0.1059483
3.843643
0.7510212
5.693162
-1.421105
-0.2640564
1.15783
5.983679
-0.5090415
-1.886857
5.091656
5.606869
0.2109728
-0.5254077
4.666325
1.119628
1.435079
-1.669936
0.7515094
1.162453
4.081884
0.3344544
6.535783
-2.846116
0.9982817
0.6396091
5.061594
-0.3824398
5.59684
4.563362
-1.124859
0.1466245
0.4085733
-0.4543175
-0.5201153
5.289896
1.286796
4.913209
5.032159
6.228604
0.4510889
0.7960482
-0.4867468
5.766332
1.444949
3.825253
1.025345
5.592555
0.2920797
-0.4292543
6.526726
-1.065564
-0.5087586
5.190599
5.429096
6.17931
6.01089
5.403614
4.794892
4.635828
-0.6983793
3.897147
5.463737
-0.5686194
5.275765
5.317449
5.193056
4.164091
-0.2519919
4.966069
2.760377
3.582268
3.405119
5.672077
5.901477
0.3544619
4.959202
-0.5053522
0.5905755
-1.622381
5.242044
0.8463728
-0.1274222
5.897314
5.419661
5.479263
1.574455
-0.6134241
0.7027121
-0.9047256
6.246012
-0.668073
3.261854
5.596624
5.521074
3.966208
3.936441
5.215117
7.11327
0.6213511
3.927972
0.8792001
0.06401213
5.507071
2.664071
6.632615
5.701523
0.3714226
1.214885
-0.03030008
4.221933
6.194191
4.026974
6.256888
4.488319
4.204665
5.228718
-0.6476627
4.221352
3.979118
-0.6899251
4.66135
4.242288
6.037658
-0.1317541
-1.153341
5.361217
3.652094
6.248195
2.344703
-0.09139916
0.3163209
5.512279
-0.5613705
0.7719291
-0.9327615
4.001578
5.21517
5.55835
4.131264
0.6324748
5.861054
5.753535
4.051777
1.432469
0.5702297
0.955088
0.8135067
4.877259
4.402066
3.337772
-0.8570011
3.67746
-0.2684508
5.759348
-1.855782
1.299647
3.352847
0.8215814
3.941221
1.573131
-0.3218186
5.177866
5.176859
1.934264
1.431656
5.448013
4.863671
-2.084455
-1.169935
0.1574977
2.452265
-0.6460914
5.117904
0.02906148
3.862236
0.4560653
4.949312
0.3116296
-0.1963842
4.746186
1.02177
-0.8706494
5.639109
4.412399
1.241328
5.083105
5.170081
-0.2979173
0.3908363
0.4071951
4.351462
4.504081
4.726269
4.98321
-0.181827
4.887665
4.306652
4.096073
1.074782
0.369383
-0.5360827
5.3799
5.103501
1.26933
0.6785562
6.057805
8.469184
0.7405676
0.626398
5.845792
5.54417
-0.9201535
-0.264472
5.911441
5.965776
-0.8673701
5.730669
0.001348428
4.823892
0.6130009
0.3663571
7.213064
-0.9468904
-0.3011427
6.546115
0.1421571
0.550198
3.452349
5.221467
-1.240679
7.900192
-0.3570335
4.245601
5.569017
-0.8846559
0.5307275
5.066588
1.090866
0.2030313
3.619568
1.309773
4.943431
3.963304
-1.398835
5.886909
-0.5406458
6.159326
5.528925
5.41589
4.571937
4.262077
-0.9834337
7.204855
5.48853
6.525917
4.797833
0.6239653
0.0712331
1.222888
4.897624
6.288152
0.2552486
3.622994
6.394754
-0.7309807
0.6837814
0.9226702
6.983945
0.8854851
0.5055124
5.400567
3.916663
5.304205
6.683516
4.278912
5.298404
5.489466
0.6824983
5.912876
4.402843
4.739017
-0.0653057
4.931403
2.709299
0.4225924
0.827768
6.075466
-0.575598
-0.07723465
0.2191068
4.433828
1.166153
4.195536
0.9455317
6.428744
6.627911
6.161251
-0.4694099
0.3433081
-0.2412933
-1.283345
0.4008204
6.795045
5.319508
0.113756
5.947805
0.7832016
2.564193
5.817823
5.886121
5.336555
0.004389838
0.5497158
-0.8681549
-2.065042
0.5775746
-1.437771
5.574736
5.63589
0.08111252
5.064051
-1.426492
-0.8606361
0.8366544
5.870753
-2.152879
0.7600636
0.6725335
0.06380711
1.400988
0.6480979
4.670602
0.3886069
0.5738719
5.642114
6.112343
0.465603
4.448409
0.5567408
4.505633
6.512403
1.318621
-0.526104
-2.083945
-0.6712307
4.308714
-0.7343485
6.249864
2.750488
-0.9432978
1.370714
-0.2856719
-1.512592
0.7187559
-0.6467017
0.0144777
4.653711
-0.7891661
5.706709
0.1373707
5.718352
6.945509
4.470397
-0.5209176
4.923884
0.4643863
0.4105491
0.4205504
5.54755
4.778266
4.024158
-0.9453872
0.4816305
0.28914
5.280102
3.724398
6.524688
4.162102
0.5087519
4.760336
-0.8171575
6.202275
4.500717
4.411448
4.442531
1.37729
0.7544041
4.802103
0.5865082
4.062602
4.874758
5.602794
6.08391
-0.4039588
1.241979
6.411506
-0.8516295
-3.1651
1.48952
4.378279
-0.2286533
0.3462881
5.020679
5.123295
0.1648884
2.772331
-1.944485
5.641049
5.487583
-0.02321631
3.958493
-0.6413854
2.7152
0.0827335
0.7009142
1.66735
-0.1324723
4.577388
6.635003
2.02663
5.141803
0.5812185
6.04504
5.238819
-0.6983095
4.488412
-0.9277269
0.3729383
-1.463922
4.471465
4.665587
-0.3140032
1.220489
0.6658294
1.136893
5.948425
1.158183
4.713697
-1.398683
-0.4298135
2.822722
3.381464
-0.8827584
4.895454
3.969782
0.7669243
-1.743936
5.404824
3.685107
-0.6127789
0.124084
5.25713
3.296029
4.050867
-0.253479
4.878284
5.151401
0.3321742
-0.3417359
0.4182975
5.061181
-0.4411649
4.72345
5.566665
1.135854
5.974741
-1.517912
6.126552
-0.381397
0.2152696
5.5654
-1.09153
0.8459599
5.524379
5.081339
0.7732179
-0.3836235
4.557231
0.5745241
5.126766
3.184635
-1.087896
4.311547
5.722427
4.158242
1.061841
5.603027
-0.8349847
-0.6737214
4.475787
-0.175781
3.772327
5.064177
0.4267788
-1.790957
0.3969768
4.382757
0.2217662
3.34008
6.597489
0.4805662
4.95206
0.8645499
0.4334745
1.117948
3.812347
0.04064279
5.642681
5.490084
-0.9992396
4.504319
4.716986
4.658587
-0.8634971
-1.249895
6.134316
0.3634013
5.302058
-1.372995
6.074496
1.632142
5.119853
0.2732771
1.07128
4.433722
3.711334
-1.000076
5.927749
0.3350779
-1.502265
4.822921
1.46022
6.491262
6.027011
4.511146
5.645476
1.21654
4.054173
4.254973
1.021928
7.797139
4.27057
1.29555
5.140597
0.07577827
4.912782
4.546599
6.517825
6.044392
6.566205
2.794501
4.796992
-0.1668735
5.64529
-0.02783789
0.7438312
-1.096072
3.333688
0.8303463
5.132308
-1.039461
6.438336
4.646014
5.49029
3.970498
5.460062
0.2303924
6.162369
5.229876
5.802987
-1.086486
0.6098065
-1.120116
-0.808226
5.247886
0.1186489
-0.3664438
5.891713
5.788296
0.2656421
-1.166401
0.7582123
-0.1484338
5.464971
0.5994715

